347.735870 332.706848
256.117798 191.815552
388.941010 314.688293
235.239639 60.084438
360.638763 475.293427
345.583160 395.756256
201.248138 79.887985
221.023926 326.330139
345.390167 520.142334
446.282135 368.048187
169.334488 172.757401
305.704529 151.506714
391.503479 336.704254
327.969879 285.949219
366.921661 293.378876
122.047859 56.298244
304.994720 376.242859
259.819702 163.393448
441.419678 379.316040
91.330299 81.376060
369.445740 352.179962
509.942566 416.228424
474.059998 351.307434
235.411545 183.368561
356.787445 450.522217
158.883011 201.464249
294.609741 266.970032
263.139191 92.981781
167.016235 97.876457
176.027191 233.691330
311.896942 363.763733
281.806885 106.620842
190.528320 177.032837
106.692032 138.585144
144.052719 128.542053
201.582031 137.126816
322.073059 281.893188
225.333221 98.560814
489.946960 407.604004
256.875397 246.295822
193.795135 119.801071
542.200378 480.982086
256.113403 88.934723
304.023560 445.221741
190.152969 132.554504
184.670135 103.734276
233.485748 321.564819
433.645294 510.140106
254.493027 282.583801
204.671158 275.249847
403.329193 412.286255
315.472443 287.004852
352.063538 238.953400
250.840958 234.843079
250.417862 353.311768
207.263824 311.477478
188.630035 168.520355
235.512741 290.482727
323.494873 129.282593
308.007294 335.334381
219.440872 316.194611
317.174774 311.795441
262.455688 260.824310
225.587723 222.182144
333.011963 229.066910
428.569702 463.422150
366.317322 367.380188
454.137512 461.503632
270.721008 116.564957
180.910446 315.181976
159.218048 186.298019
171.232498 268.160217
214.590408 153.565536
256.894989 298.621033
169.228912 76.362617
288.890381 200.974457
387.968567 322.275116
116.936668 180.658630
374.242523 450.977875
304.920715 173.941681
314.099060 346.321045
257.732422 160.540329
505.246521 482.421967
248.252975 292.508392
164.524048 207.318970
275.399872 122.754517
454.667725 461.371429
285.472412 239.377930
241.804779 93.833778
374.776215 406.412292
160.785034 132.001160
328.515228 182.419434
332.752106 366.906128
344.507660 255.743851
307.554810 312.054260
178.412888 260.469666
209.420563 276.668884
207.379395 90.409500
115.728958 25.516600
105.533012 127.801094
300.108673 275.282532
493.051178 502.134735
298.498627 262.237244
454.787994 436.224731
333.814331 390.192322
214.273346 223.737228
357.496521 374.821564
187.011139 135.075378
226.197037 223.831528
563.058594 452.788116
194.092804 226.157043
274.226349 402.614014
211.728119 350.022095
242.279449 258.748444
280.766876 296.588989
263.841766 246.985596
145.369751 77.318634
393.090118 253.933212
517.367554 414.536407
332.837860 175.081009
281.417328 318.081482
361.371643 373.776031
174.642822 68.629257
322.116699 275.710083
328.195038 271.397461
396.232300 213.363602
236.677536 96.676682
280.357910 295.439240
197.131119 305.029663
318.970764 415.323059
179.370514 91.537727
219.696106 335.988037
354.283691 189.792130
334.762329 364.544647
211.100876 293.771820
271.206055 215.074493
121.170479 143.981949
285.225677 419.761169
385.552643 319.853088
335.172699 505.114868
274.102936 434.722565
383.360291 453.682983
413.609375 305.169342
381.469757 199.194382
283.364166 266.428955
302.848846 89.549324
215.412720 295.331665
281.299408 134.500854
190.318344 110.042526
175.164032 129.089188
473.838318 361.372986
152.686340 173.320251
286.126190 267.427887
265.625275 166.930420
302.878723 471.462280
379.864838 470.914673
171.816284 144.173721
171.091660 101.727333
133.953033 131.284958
95.090286 54.779629
239.411926 328.910858
370.457611 467.847321
129.911835 94.726021
259.499329 390.540497
202.158340 303.945435
224.528549 329.307861
288.022705 373.150543
185.532883 210.851639
250.069107 371.873962
346.411987 448.026306
235.109589 319.180878
255.952118 161.841476
148.569397 93.254593
255.730301 408.447601
402.646637 489.770203
252.388260 105.991943
316.345947 305.081970
310.242615 469.069275
227.728592 116.951981
276.957642 341.750366
201.812439 64.095665
142.459442 56.684437
380.872345 484.949646
257.232880 336.943359
389.135040 316.376038
327.611298 174.958221
253.539368 345.389587
356.057465 195.887054
242.981049 333.805328
222.419891 303.859131
360.081055 399.294708
288.083221 270.675446
360.014984 157.604462
441.557281 479.991974
272.108398 298.100159
381.507965 300.606110
450.740173 428.627289
382.118927 453.652252
279.706451 453.374359
263.580109 310.261169
291.883698 400.109070
126.715584 64.396271
172.746033 264.275513
304.407776 361.340912
146.734848 155.712509
454.340576 479.947723
405.385284 465.182343
312.306915 134.580750
178.237473 203.114456
282.049011 167.583572
273.164642 189.578323
362.974854 365.878571
194.378128 87.915222
192.712936 137.589279
446.631989 489.952148
224.389465 224.877441
127.261757 76.539871
304.909973 233.650665
221.316345 272.426544
455.838165 391.719025
308.886047 392.844543
189.503845 212.660995
97.415749 111.202087
351.965729 449.888580
387.777802 494.555603
331.774536 376.779602
245.656448 222.810104
246.656311 308.709747
315.933990 354.421692
216.451614 245.631195
334.371613 143.692978
379.527771 433.255615
163.095032 165.625626
299.855774 337.494507
383.398651 227.875427
358.806519 412.033508
130.676605 95.176979
217.182816 263.806061
403.222504 443.190186
246.280167 139.901749
433.324188 436.261169
306.650055 359.120514
194.870178 56.429337
553.145325 475.621094
344.760162 471.704224
193.747787 90.092690
138.651001 177.062943
272.357056 377.522278
265.033569 195.441803
135.378342 64.678276
393.458923 418.594055
197.527374 160.697800
292.075714 178.776611
569.477722 559.899414
467.420929 359.589691
190.383530 98.270851
237.943909 386.209473
115.265099 92.732071
264.548309 235.459595
262.574402 361.778381
391.182404 354.524811
261.649658 196.432465
258.184387 89.132744
141.697403 109.810440
301.382599 111.900848
377.646820 381.969208
417.985504 467.477844
310.245605 118.844727
142.928009 107.434135
271.527649 310.663422
405.246857 306.880707
250.895325 195.824142
271.585205 381.227875
473.336426 493.241577
388.304718 269.005219
398.879791 500.521637
134.060013 126.150314
208.315582 232.767517
217.471313 249.656006
146.825027 129.583649
307.752533 313.345215
302.451843 485.958405
426.307678 144.644363
254.385666 152.770416
331.325073 253.363785
350.887482 461.050476
340.215485 162.990173
192.057449 185.598190
119.437851 142.121902
269.392731 406.932739
364.029022 122.114426
298.206390 432.895782
282.327301 136.270004
275.683197 343.347931
240.030380 273.466705
257.664307 263.159729
404.525574 492.802917
110.555939 86.326393
326.782715 476.416931
207.246078 196.259445
444.615906 323.714386
300.408325 408.681946
139.250168 225.087784
80.326195 59.008110
291.115295 322.667236
251.564865 430.958313
337.180634 290.220764
274.866180 239.627930
187.403519 208.230438
327.232391 346.276886
184.726761 187.366989
465.709900 366.449341
365.292084 183.131653
405.011047 276.758423
122.746933 105.323578
391.453125 350.469971
254.294769 291.984711
384.468262 333.610291
308.904083 476.563232
284.018341 426.188843
237.281967 154.992874
179.504135 109.011475
402.850555 477.447388
334.543365 313.473938
167.238235 244.222717
428.192871 478.852722
322.727997 146.768814
326.053894 204.435059
122.529747 59.978447
228.602631 299.389282
275.593140 419.825653
345.116699 391.289703
340.634216 209.126770
187.932144 233.657959
347.265167 342.415833
270.484467 279.330322
260.196442 394.045929
225.961227 294.450562
199.018478 76.063293
450.951508 465.211426
451.011414 424.414978
90.134109 80.826088
258.577209 78.843048
151.686874 193.204193
316.734528 117.587982
321.105042 430.657898
404.852234 458.243622
86.808937 87.666191
481.611145 214.526978
230.886261 368.474670
113.111404 61.847206
159.202637 135.685410
355.707489 95.512756
335.052704 311.875977
258.654755 102.688423
369.917694 441.175323
298.128815 221.985764
225.932556 215.017487
415.959320 384.493073
160.194855 263.355652
256.308350 362.702209
184.865036 297.580170
427.376099 217.295654
185.769043 242.333496
275.001068 95.665565
206.861572 270.487579
266.228485 251.838623
231.921326 235.776245
108.628578 113.865196
363.346008 392.863434
414.345398 381.545898
257.127563 224.966064
308.152710 278.956970
356.406860 474.784149
305.862488 329.801910
419.743378 300.706970
329.575470 279.705444
292.941681 333.021942
427.871918 358.991180
319.324646 291.998444
133.678482 226.694641
310.758881 181.862915
438.069672 432.249664
237.097794 379.706238
424.812958 502.802155
160.750977 236.007050
373.968414 305.720978
217.500488 61.294327
275.061493 383.195984
285.576782 330.190948
316.478912 392.740112
439.783142 324.760864
171.033844 258.661682
299.213867 384.250977
304.955811 412.135376
217.072342 314.550201
200.194077 84.120621
433.192413 438.268158
202.404755 63.059082
227.036209 144.968842
154.000061 247.761246
304.077332 166.642166
289.111145 280.383698
218.260056 263.273499
203.966324 222.170792
198.294525 319.708038
363.692230 372.169586
183.967484 125.515312
271.352051 284.896271
312.411285 155.640732
279.226257 410.827393
243.033981 318.734406
189.820724 185.183060
360.426941 492.260956
454.440735 377.344910
260.053741 422.419922
134.441391 69.652740
129.859863 219.648560
287.624176 460.552521
210.276031 73.108391
340.111053 128.787781
140.067352 99.321228
175.971222 137.864487
204.577637 79.847855
382.906189 143.474625
243.780182 208.735275
173.279846 172.203476
274.042664 370.956085
406.268799 427.735046
333.484863 92.225670
202.358490 177.028320
189.473068 244.299347
199.674622 130.590652
193.830521 322.849396
414.122772 496.463165
144.336899 147.339249
285.647186 404.907196
220.013123 123.418854
225.237793 284.667694
232.734009 194.162537
268.124023 364.559357
204.565140 263.591278
234.828781 201.498093
303.992645 117.284607
351.466125 252.239944
339.545258 346.963654
223.362122 182.381195
244.058731 241.434677
247.377045 220.154022
324.975281 159.060471
286.876709 239.640213
175.388107 147.373047
245.223236 208.580994
210.788895 240.422699
409.691132 472.941742
140.047150 199.046646
170.456955 178.560349
322.983063 273.140594
201.036499 339.840912
236.577591 282.282379
118.860001 158.458252
243.634552 395.534882
262.319641 273.915070
391.783264 374.401794
159.921295 167.489578
228.725510 329.149445
342.513947 470.561035
293.035522 218.122223
129.736053 86.794525
420.307709 386.780548
434.079224 347.649231
158.308960 211.369308
600.744385 436.953156
371.422119 238.041550
198.718491 243.408615
256.713776 157.162262
205.049088 264.319977
175.884460 198.915802
278.047424 406.437500
450.046814 503.114929
258.749786 299.818817
188.769196 108.862213
101.721977 73.896698
298.292999 458.376953
549.669617 509.416718
266.581085 70.510513
148.040054 107.981598
342.764099 504.586426
139.072372 114.395622
373.112427 427.846497
370.615753 403.876221
298.143860 341.287476
177.582108 138.435547
254.526047 175.469666
268.654022 441.021179
169.372818 69.045708
204.552826 148.080246
433.801910 400.273590
259.445190 159.039993
355.830261 417.566742
220.918167 49.252609
347.081024 403.086517
240.704803 389.158600
396.462738 301.732544
173.434540 173.061447
335.081879 288.167175
252.614059 396.748444
91.564392 67.594849
498.406006 465.409149
353.873260 257.486053
229.481781 139.663956
107.501671 114.627655
229.844315 111.822128
203.541290 228.180664
210.129196 191.513870
402.818024 451.417297
501.117340 443.451233
259.588348 187.036072
264.401947 274.846771
360.393738 183.653534
200.762085 85.160370
320.887787 431.041168
189.825485 232.375214
253.317032 285.477234
263.443878 222.371643
297.019592 108.812675
261.070557 382.495026
271.616669 374.974579
342.539032 327.477509
123.781845 105.592644
389.490265 451.614380
208.327377 263.151398
284.639435 304.205322
368.908783 374.544708
127.444855 153.382828
346.540710 177.176392
306.797211 129.061188
336.317688 412.045807
276.211060 314.059113
307.815033 376.815887
350.757355 452.176392
234.786484 225.192123
180.144058 192.806290
278.810791 295.166199
303.709564 338.781464
261.045135 126.185722
213.084183 325.730194
306.328430 326.303619
218.224167 127.363686
376.025360 250.004272
301.247955 420.567963
161.836029 180.151779
370.542114 469.805389
476.095642 495.979248
142.841782 71.951134
541.265747 426.615662
408.822540 158.397537
180.563675 154.886292
467.088470 372.538422
360.075470 130.019821
120.761353 75.589401
269.506866 111.463364
168.936066 200.672623
269.978363 114.885872
429.278381 389.886993
442.416779 372.310364
178.746552 248.431992
323.228912 392.610748
376.124603 245.455795
197.279175 351.082336
219.870010 361.616577
433.674194 420.843597
379.966675 246.312103
351.280640 229.522705
375.720978 364.999451
201.791504 313.427551
331.816254 385.726593
154.538071 179.100433
337.118652 382.993805
310.407623 275.932098
394.644623 459.966553
301.281036 371.200256
310.861023 340.274902
235.286636 88.155869
434.459595 400.934296
325.936737 445.016449
166.862305 125.982407
487.902222 279.733582
229.288025 106.357819
322.725433 152.201340
409.902954 238.072098
377.527374 264.653595
263.275116 245.669739
396.067230 392.302673
180.695709 158.068359
291.747131 186.371552
317.141510 341.643311
455.768158 392.959686
454.921417 275.141693
354.394928 259.613495
221.661743 115.939102
441.400085 284.832825
210.539185 196.796066
327.304108 176.508179
169.484238 278.747650
221.770233 354.695251
339.338715 138.946823
434.701874 374.659882
174.525299 265.908539
336.236938 170.760040
312.338867 446.299774
164.772400 158.282669
314.483643 257.558289
213.208801 262.340088
298.951691 314.485657
332.840668 259.104828
409.724762 307.979431
208.099152 243.621628
412.209137 390.973541
303.401947 474.006989
210.281387 275.663116
221.762085 194.080963
469.491058 398.679840
281.610291 152.064316
310.073792 473.906616
291.332214 263.242462
350.571014 322.216949
153.141830 193.633286
276.445923 447.149719
293.679138 290.641235
288.257904 210.808228
241.973206 363.972107
311.862610 123.021339
266.556183 453.061920
288.236755 286.921021
225.935577 92.162125
297.502808 325.309143
221.715530 310.056061
330.021698 200.662704
324.940094 343.764679
257.990326 145.117874
340.003235 197.055618
136.657791 130.930496
362.523224 442.629120
297.608246 253.219925
202.119156 57.083710
304.294800 205.721802
315.229675 449.951996
362.739380 235.857758
287.678253 342.457428
287.696075 379.718750
227.039917 345.551208
226.511780 127.320435
396.312500 436.536591
382.907288 464.217712
198.968246 219.205200
546.253052 514.411438
277.779846 401.434723
344.101410 458.886383
190.555099 159.772202
412.720367 441.280487
272.754913 216.892731
266.954224 411.284149
279.145599 168.101166
311.923401 394.929596
392.445770 384.406006
296.662506 148.952789
205.413773 218.763275
275.914612 104.733322
376.437164 248.135559
375.173523 426.678864
338.680511 384.999512
400.665741 162.238998
240.933777 229.189575
290.020844 373.721375
446.386475 416.994812
301.826538 464.820129
147.584396 85.073647
171.520660 182.118820
362.841553 417.831360
401.235992 74.438858
408.206329 233.482132
292.371613 81.284958
242.715927 311.493927
293.776581 188.373779
403.261505 223.487503
281.187683 409.890564
144.415421 119.721634
415.952698 245.275238
197.190353 356.621246
195.985519 76.998917
218.550369 213.672287
421.298889 443.159943
241.339798 135.478165
191.349762 224.993668
171.307251 225.341141
364.318115 376.013947
165.563538 184.842712
390.510986 288.830658
310.231781 394.795319
338.315491 392.932098
412.782806 366.094055
238.507797 192.600693
280.476990 104.193161
374.780121 471.675507
235.467529 149.949783
334.638947 212.919876
442.940918 452.810974
330.715240 361.875183
371.385254 257.901764
268.679962 135.091965
135.717636 77.101509
345.780426 156.728363
410.877197 245.034988
167.277893 52.259712
493.122864 449.067474
376.320770 385.205750
446.482086 225.135620
335.946136 204.363449
222.966934 287.210114
131.274231 155.572220
96.157372 66.410767
360.461273 181.862030
249.800018 264.538391
175.799988 282.943665
266.050507 286.648102
139.986343 165.024734
199.467575 299.993469
328.955078 408.845581
415.479401 254.078415
472.236237 408.088623
383.230957 285.319244
256.807617 435.914124
206.423737 149.858963
437.495056 220.072906
309.276245 476.444000
299.021576 251.599716
305.160767 111.526093
228.241562 132.865784
273.447327 293.580231
424.148041 469.979248
340.684631 243.718445
227.959869 256.144592
189.532303 150.655655
404.821869 207.855133
249.794220 133.608658
281.680908 213.129776
450.812622 326.112091
124.273270 152.978546
174.600082 308.683411
232.286407 244.706802
455.224335 430.509033
243.793304 321.070068
188.254318 126.047531
300.405945 133.990723
229.197098 189.258118
382.769043 379.838531
306.295074 358.089996
308.260101 162.475677
152.988693 192.968109
328.702820 338.653748
320.444489 205.661865
523.923584 494.042938
182.102646 186.323090
149.489243 180.166763
272.853455 218.834396
408.427063 233.879013
195.510422 208.806168
280.373657 225.972321
266.977997 153.859177
231.425919 140.136597
183.365997 210.462479
330.058411 497.283539
278.677856 462.577728
231.993057 226.583618
269.595612 295.097961
377.306946 378.227539
154.334564 85.894196
284.327148 111.160400
359.929993 267.454529
374.524689 436.253937
221.235291 277.051758
309.363068 232.866074
314.667938 407.022034
401.538574 517.372437
192.249283 236.124512
195.669617 82.307991
159.320984 143.580582
235.788788 146.541306
372.004822 187.954498
260.153229 414.186340
305.402588 109.891068
381.193085 366.312347
441.068207 363.053528
405.038727 383.740906
396.741028 261.092377
236.510788 70.294556
415.267517 310.984436
253.635071 320.931427
277.723236 404.179535
262.254730 221.316879
188.012955 189.549408
493.539581 485.825806
266.169495 416.633087
156.884476 88.152428
401.321106 319.439148
120.229958 66.227142
299.806152 417.935883
453.077789 453.924255
287.435425 405.741455
314.734589 364.870331
245.296204 330.308563
307.246735 409.833344
301.299835 462.725464
150.261368 50.206940
99.701164 154.903549
252.472107 92.502808
196.043884 106.379204
186.761063 268.653046
67.596092 52.680630
477.745178 350.335510
110.358276 111.648132
234.251160 193.281128
346.886627 315.075623
176.091125 227.045395
313.638824 227.744263
332.316650 474.318115
236.668777 114.886978
281.248352 365.864868
165.105927 114.668724
500.984833 452.185944
156.115356 121.470726
200.693329 142.987701
324.953339 392.787781
296.544312 461.657776
397.511749 249.590134
298.743652 261.092316
250.099472 349.042603
434.596741 344.734833
409.547180 304.060059
273.482971 210.668625
161.672424 251.871735
233.609909 191.789322
105.642548 42.661633
180.284592 223.700836
438.587646 237.852646
244.739868 403.431244
393.524048 278.564087
462.148987 296.181580
254.020325 180.308502
302.170044 283.681396
187.042191 107.419075
266.986542 442.319336
350.231964 175.348526
270.636292 240.712112
195.481705 320.460968
178.415497 147.162323
287.530579 162.742523
340.755402 310.799072
408.834747 477.858490
348.708344 384.938629
110.953705 81.143860
223.448700 141.247849
219.464005 195.171295
281.634827 304.428375
244.865173 202.323120
473.118073 268.495148
356.265961 319.430176
377.503082 510.454132
291.466705 154.563721
189.139481 252.149918
418.804718 482.154205
231.364273 390.946014
191.489670 206.780472
303.918701 260.412384
519.755371 471.625031
168.593735 190.550995
280.529388 444.471008
288.208282 405.566833
253.198944 280.297363
472.810028 294.205963
374.138062 147.871002
365.342529 453.973419
187.702042 195.264221
440.161224 503.593384
305.770081 434.778076
207.410004 256.916748
73.622742 78.400520
332.599884 212.382599
394.881775 356.424103
255.872025 136.869843
187.287354 41.062637
257.307922 267.949036
278.489960 435.364227
329.411194 323.892731
440.814728 390.949829
169.724930 292.646912
178.628860 270.500336
256.778259 426.941650
406.373138 432.851135
305.787231 404.966400
126.395164 100.862198
280.035370 212.819824
168.220383 110.391197
274.529938 298.112213
275.940918 357.513947
432.008240 467.529114
422.961426 364.336029
233.357635 310.694305
522.399292 345.828217
202.223892 108.758453
293.261536 388.596985
426.916809 385.737762
213.302521 330.964111
273.484711 383.125702
341.051941 341.924500
210.197601 225.032257
261.261597 315.033112
264.035095 414.197235
251.661118 83.155518
271.871796 410.036560
301.202301 181.305908
269.356384 177.101395
194.706177 62.513702
142.252701 150.298889
329.911743 377.962524
326.869324 263.044525
309.726593 316.491486
192.814117 278.453308
339.019043 200.294556
404.404419 301.664215
204.689362 276.900177
240.842285 411.545105
238.862793 180.834152
151.820740 196.001572
405.074127 511.194611
258.777191 111.769173
232.760284 222.202652
218.206436 216.788528
249.437653 414.484680
451.969452 278.893829
278.897736 343.761261
195.559738 262.458069
221.675110 109.658417
150.374390 87.721107
261.111389 168.689270
360.267822 115.460815
200.442459 241.556107
231.411301 340.568634
264.907410 303.914520
361.696930 313.773346
224.987946 190.255920
283.218750 119.491966
284.515137 180.705444
338.508881 354.341644
203.667130 353.380585
180.877991 94.396492
465.871033 447.840363
211.264313 234.385605
254.675827 141.050125
342.236481 320.848358
171.405716 133.221283
79.082642 40.610050
264.928619 281.855225
278.153961 266.008698
299.005402 187.051941
284.782501 345.950775
273.808197 417.719818
116.196663 88.949173
299.241455 338.283173
196.631638 246.750290
201.294952 242.949936
284.720947 247.303329
191.941635 184.277252
318.642273 429.598297
321.815979 412.628693
356.042725 227.604813
177.554184 151.185944
484.985168 346.850342
323.637024 399.829193
368.173584 466.467804
363.546234 137.166077
163.764450 58.852730
304.139404 175.653961
416.842316 513.010803
89.286446 92.712234
240.735992 194.187439
360.429810 74.230545
306.814178 448.620148
319.967072 220.786041
209.989151 243.043900
113.664200 140.142090
150.721252 61.495098
306.052460 258.121033
170.681305 86.757401
196.678986 258.404602
471.383911 408.651672
286.371552 413.142090
213.976974 76.302734
124.327553 113.711807
130.526108 55.841698
293.135559 372.598877
268.866333 265.643616
182.852798 199.154907
447.311462 216.764771
241.016785 122.768761
381.660675 489.890289
92.668030 128.319672
471.072784 506.065460
212.665482 205.279129
187.641968 120.360359
373.568237 314.861542
196.567215 212.754883
368.410828 459.832977
396.605835 374.849518
448.341431 396.031586
148.727188 179.063904
294.486237 88.879959
337.626923 179.422546
462.352966 445.679993
244.934631 147.278336
195.411301 274.277435
372.685883 455.106476
196.404602 58.888981
340.397278 477.666260
371.339081 325.510376
414.024567 221.559753
293.622406 109.790863
260.073578 63.047096
195.203796 283.933014
143.013962 128.832428
322.948914 326.594421
191.857269 262.647888
163.945908 107.440971
397.416168 300.461487
360.564636 421.762024
220.750778 289.528656
347.741119 441.702332
176.762253 62.364258
390.607819 384.511200
462.139954 451.126343
336.950470 316.691315
421.427917 361.596619
228.244629 344.381683
191.267334 266.837891
174.893097 285.911957
321.071716 352.154755
261.343597 183.199188
262.403625 421.063477
263.617767 401.911804
237.218201 203.901886
130.288651 143.921921
277.019806 353.243866
340.273041 434.920990
254.314957 403.132690
279.770233 187.582169
288.099487 390.784851
319.319214 390.451447
225.754425 156.129913
253.496735 388.464264
261.733643 163.649841
358.008850 198.374084
310.206787 306.554657
392.591888 505.122131
242.108292 306.824738
163.383026 112.459999
227.672806 384.592010
273.003845 309.010284
310.384735 364.040588
132.076355 69.397049
305.336914 309.988434
578.871704 426.405029
313.569397 346.320831
239.324478 373.655731
280.346466 361.269897
400.751953 362.471069
431.277130 362.037323
378.725586 142.188904
386.157196 457.393463
312.067352 367.041809
236.830261 207.963196
342.811371 300.398010
358.877960 416.399689
164.000076 196.700378
372.883270 377.020447
374.822845 368.606018
325.347107 354.203491
172.671814 147.105545
256.347687 388.420502
190.937714 101.699104
337.184601 495.991974
330.273895 350.785828
100.575577 59.224686
265.167480 387.582733
168.837799 68.102470
213.513947 156.599548
376.925079 242.206573
252.968246 304.830505
244.542755 345.578735
269.590759 252.789917
229.541428 169.676285
448.779114 408.986328
337.218689 329.952576
414.571320 467.002319
261.378296 138.974869
223.648468 297.177582
280.432556 382.491180
340.492310 315.631561
266.068329 437.484039
190.414154 204.349442
303.535828 402.606750
414.412170 471.373779
404.363983 486.578644
308.301605 418.141113
481.299286 451.622192
330.609955 343.619476
325.664703 86.187218
412.203186 417.089630
309.058350 447.809540
419.560120 429.008575
233.500076 130.777191
193.589462 106.145432
319.786835 316.110718
258.916290 298.217865
154.225098 175.248367
314.288269 225.201324
209.076324 230.120331
109.735825 85.949997
474.685547 347.079987
515.567078 406.606964
268.799347 335.537872
332.901764 327.344086
313.867828 137.481415
467.826599 280.813751
170.468643 95.535965
252.702484 301.337311
147.368149 264.977173
451.493713 336.883667
441.826141 406.605957
380.027283 326.193756
288.928864 202.467407
359.923737 360.721832
330.498718 458.174561
248.798676 334.668976
287.778412 371.628571
207.410858 264.075317
300.056519 192.065231
82.441444 75.118248
186.464386 98.319412
239.310837 242.871796
333.865753 283.192993
271.172852 129.047287
256.395325 252.939560
278.527466 310.554901
242.976944 356.461517
152.881042 52.772976
422.701904 361.197357
235.493774 338.730225
430.960052 397.597107
407.320068 522.181885
356.349335 368.757935
142.564957 83.409760
242.481003 397.337097
213.259491 232.881393
147.367645 99.815933
322.364105 418.120605
189.375809 44.443333
288.391144 312.512268
331.460419 335.568970
64.478226 99.029671
321.730042 268.499298
383.510773 302.417847
137.014008 114.725693
239.153336 124.672318
455.292145 433.683167
327.224854 428.933472
282.397461 260.579651
232.772354 211.717834
158.572189 56.826084
302.223877 194.715317
310.075104 377.501404
162.626404 157.737045
322.776855 447.249603
272.253937 259.358643
251.346146 93.698013
436.813293 208.138947
297.679016 427.429321
288.230316 421.952301
201.827072 226.292984
278.686249 137.935989
319.791870 341.866364
359.987091 414.365143
221.803864 97.201645
256.445374 178.186447
218.170929 94.881439
312.629242 437.077881
235.002823 263.398987
311.693665 371.575897
226.786789 224.955154
418.480682 265.244629
155.880325 188.883926
381.707886 451.679413
310.763092 142.263351
263.888733 149.364395
296.919769 469.044403
247.628311 63.822632
417.026703 384.975189
202.892975 226.090424
349.369659 424.409393
268.981232 457.123016
412.439178 415.338287
337.755157 443.237762
305.830994 440.051025
470.601624 429.225830
261.782288 247.736603
417.759491 375.556244
288.046814 253.617752
334.746429 516.580750
188.600983 225.285568
352.130737 104.833015
149.687057 169.134338
249.771332 152.703003
276.622589 366.306976
276.695892 405.230713
247.394791 386.485626
400.527100 464.220123
213.982941 161.662186
273.086334 375.228577
225.042786 321.577179
301.099182 437.429016
292.798920 373.033081
173.434326 201.145203
371.293396 127.359787
280.876465 303.535217
528.932312 445.472870
333.986298 341.463928
420.715637 386.124664
232.275085 328.187622
247.041595 162.295273
244.831772 157.850769
236.413330 385.527924
298.854004 292.182587
376.428986 181.135193
291.626282 476.066498
180.827271 232.371994
386.039520 464.015472
203.632294 178.868088
389.382172 356.169220
326.437531 483.288544
216.446762 176.551056
283.978302 252.052109
196.132568 226.346649
175.192535 315.802826
328.847382 305.814636
144.151855 137.310699
141.738678 139.469269
191.764450 261.981750
202.554642 328.214111
298.389801 446.347443
351.287323 375.075195
334.239929 358.945587
418.230286 472.774353
149.422150 171.132080
233.428589 301.629272
321.868774 402.996429
291.045410 422.160461
375.607849 315.683380
490.781128 437.164215
225.616852 267.052460
336.261444 305.601044
218.353104 104.047058
223.026566 190.878113
342.833099 453.475830
325.959137 166.889191
222.207626 340.774384
161.554245 71.989655
164.448318 87.559410
345.591156 373.344513
173.228607 250.584213
201.613419 248.799606
285.315277 409.524750
332.646820 427.966217
387.145874 495.826202
322.807373 472.787109
205.456741 264.418030
307.914368 413.634399
270.529388 374.201630
384.791595 411.040527
161.449615 228.380371
149.750458 88.826256
255.170044 176.804092
121.386612 165.634613
270.418701 347.932007
138.011780 172.569763
380.265381 420.813293
354.447540 172.527679
263.105682 265.819489
237.950974 417.839142
388.235687 441.663086
452.142120 268.020782
299.987885 439.500519
257.768219 436.094177
299.008453 225.120605
365.744110 434.431183
321.336823 385.942719
215.035202 285.140625
272.746338 385.299744
355.999329 430.888733
392.994904 504.188049
216.706406 187.271973
339.360992 261.396210
303.067841 250.482254
317.985138 257.477600
371.708099 114.548889
500.766602 469.736206
271.335236 383.326569
340.725159 141.230515
157.278320 157.285172
195.892715 208.121887
236.089264 303.385956
445.854828 334.115448
315.784607 479.104797
309.847229 396.185028
435.919952 330.926636
368.148926 345.086517
124.265800 62.643795
253.638504 307.451324
247.902740 352.999573
393.685211 198.011948
405.270691 240.750610
273.742615 205.039612
421.257568 143.643097
442.158295 441.945618
259.356201 185.740158
269.880798 370.709442
261.244568 433.621857
248.177307 41.379585
124.239555 106.880592
126.506271 136.204529
370.727112 470.776459
63.475010 89.059677
269.628754 142.490341
425.585175 344.012848
340.274231 460.421326
294.433624 406.169098
290.009399 321.803223
314.619904 189.074265
85.759140 92.772209
298.319214 194.595398
261.901703 325.647186
352.293091 473.612823
174.605072 62.327324
361.899261 254.194229
144.051422 201.581772
284.821533 340.199524
246.207932 382.300507
277.939758 153.569824
264.498718 435.194214
352.840332 327.766296
297.623444 302.151642
220.223297 65.123444
385.103058 313.024384
141.972519 114.432426
292.328552 473.772614
278.306213 441.500641
277.973114 231.650604
300.959839 427.746643
275.855164 79.952942
289.084930 395.075623
283.647095 222.691635
280.458160 417.693085
247.377441 329.991333
384.222717 271.749298
371.400085 315.229218
316.866058 381.019226
286.725555 133.768402
221.138168 72.750931
331.296448 436.388428
226.599884 183.007385
462.248718 405.313354
155.746002 188.998489
227.076248 323.741669
238.694992 113.362030
282.403351 457.978027
397.933472 383.170715
445.513550 298.558289
269.134979 366.750153
234.829407 418.976166
156.455627 157.452637
187.398163 250.973923
159.345886 111.354210
143.257477 141.449081
266.495331 54.011208
230.954086 302.749969
203.998093 243.846024
228.624924 378.286835
219.430511 87.445366
147.328659 82.914642
247.717163 360.792664
431.965057 477.752502
443.319366 337.898834
248.100037 400.048401
305.228241 465.602631
211.372345 116.019348
203.976379 204.435730
305.033264 127.606255
294.547577 417.965820
401.597351 474.066406
228.808151 165.712067
342.975067 468.384003
212.787491 133.092590
247.586838 184.435028
157.184677 210.100540
203.431259 326.167053
350.886597 373.600250
98.722954 65.884033
112.367432 124.267990
411.899506 458.781982
390.806091 468.253723
380.970306 194.919434
121.886871 148.676239
235.407318 71.287086
369.503967 214.588257
152.248550 98.464546
271.843079 424.741821
375.286285 471.430206
316.861328 426.793091
134.008865 70.486496
317.796326 154.226410
274.975830 443.747314
316.856049 344.639160
282.117462 206.536575
139.093216 71.981895
261.996368 348.062286
146.272720 74.040176
236.928467 324.317444
266.821167 422.772461
282.351379 198.286423
515.989807 392.879486
145.582733 80.897835
393.554840 184.987030
263.210754 245.324432
329.592957 191.794418
105.505882 158.359573
304.799438 434.910797
221.622437 206.154984
284.743591 325.028015
107.542557 34.997925
175.412231 207.187256
263.418488 364.414276
91.621414 75.886909
327.342529 224.052750
311.926727 230.758026
258.567963 336.486786
510.780273 432.326599
408.905579 383.675629
400.842865 391.703583
208.725616 250.127808
322.572540 290.831573
264.761353 354.810425
581.019775 495.875854
222.431244 96.870346
102.638275 115.172783
376.746155 69.950073
206.751968 188.255402
286.244080 246.609909
179.766022 190.799026
365.816986 349.130127
233.564651 71.095329
331.254761 490.210938
390.439270 151.322296
410.037323 274.499847
275.987915 366.885162
236.623169 237.484207
208.587234 97.793060
176.780823 275.369049
350.806763 289.362579
272.980316 161.921005
344.550598 333.105377
422.599060 294.161591
418.643127 319.702332
361.649261 228.286652
339.620575 168.421951
384.097229 151.269150
133.449982 71.176056
295.800049 415.999817
180.344177 50.880081
345.503845 437.965118
240.169342 132.819061
179.324265 141.243347
207.650131 166.942505
374.276733 483.028046
268.132935 290.104584
303.392303 378.849121
195.905136 90.229904
344.739258 212.060913
291.031708 401.380981
228.483994 246.962906
298.161560 422.320557
332.234558 417.548584
227.411453 362.401764
160.049774 131.272476
226.064682 354.509308
259.341461 211.279648
246.790588 269.937744
360.747101 337.211029
292.526764 241.223221
61.937626 76.834595
387.546539 299.702881
291.342468 68.451340
254.469528 111.030518
234.318726 243.088959
340.895477 362.999756
275.449097 372.933289
385.392639 380.659119
349.597321 469.500153
257.252747 139.351669
271.509430 464.504852
323.907776 470.838959
484.154785 454.132660
201.582947 68.917831
301.541290 390.340302
259.542908 359.616333
412.356476 354.078857
153.056854 180.841156
315.973236 128.450165
297.243439 373.367706
286.705811 278.591644
374.867096 274.105408
372.110474 237.891296
214.781891 256.861969
339.798065 264.603455
312.847412 337.489136
386.455170 135.943665
326.883301 463.658905
171.795563 166.989609
403.733154 474.580963
199.166260 331.654968
379.389374 120.532310
202.112869 78.660683
273.956085 388.720978
318.945007 435.169220
291.690918 159.708694
287.218689 440.580414
189.142944 98.473045
368.097931 247.514648
332.040100 257.583954
348.212097 348.525696
111.809402 179.931839
213.170090 326.859650
377.659698 314.065552
191.616791 174.606125
360.802124 421.955597
216.770004 256.268890
443.329163 160.139175
159.455673 67.218727
367.413574 471.532532
213.952774 345.466248
261.771912 354.668335
243.423004 174.631531
262.487915 182.880966
148.677475 103.047638
194.678726 291.795319
419.553314 413.231873
152.731583 240.744675
440.780182 398.137115
275.455536 286.147614
301.191589 356.881195
346.365631 446.871094
365.894257 459.307861
234.048553 308.729767
427.524750 223.803345
138.930862 91.597374
272.875763 104.813278
257.427795 98.123680
183.727264 178.922943
292.296478 440.575897
218.185135 280.197632
319.356781 444.423798
565.693359 531.680908
150.574112 143.648621
271.759979 430.790375
387.720367 453.217590
289.883514 71.113998
199.457840 228.655304
187.764557 222.624130
367.002899 470.212341
219.405411 269.282379
485.635010 512.299072
309.964478 213.260452
293.069641 176.300491
246.075592 344.701843
341.893402 253.898483
217.377289 320.807373
290.458923 471.741669
280.764099 396.455719
233.796158 242.168594
255.098450 164.509933
199.632919 75.647781
117.035965 100.056671
209.411743 83.369339
409.211548 335.800720
327.440674 455.385712
180.709351 128.996170
138.947083 192.670319
401.311646 194.447784
355.447235 470.634430
244.335922 172.455917
204.701096 81.629868
145.765381 100.084938
157.340469 90.715363
255.334213 83.750908
185.383194 133.450439
223.584427 234.441422
300.808014 375.444000
257.119537 265.658234
245.215012 266.054108
203.300568 213.448471
315.656586 241.167282
323.259491 429.324371
423.135406 389.971436
220.666931 274.365906
477.939270 401.262085
361.269989 312.946625
273.093750 182.625702
210.892670 92.459366
253.751343 348.007904
108.598953 100.157074
229.727814 223.782928
122.130638 99.957695
400.694885 314.885193
207.615128 255.621109
393.546326 197.788254
322.664490 210.879501
207.539154 73.846413
259.363892 399.665710
408.547485 491.012421
279.953552 457.062195
195.837128 70.013718
312.189697 43.805462
304.705719 395.045319
224.529663 71.791191
132.921982 198.349304
428.873383 396.998779
279.591614 274.594055
338.818237 396.471558
269.200836 294.961578
256.891052 200.987030
185.976425 265.289337
467.928345 480.075867
247.829453 180.429489
340.417511 400.968170
272.716614 271.932922
235.268646 197.792999
459.724731 445.785461
325.313690 341.807983
105.586433 44.462437
262.261902 405.185394
202.996674 299.207947
325.916870 318.332092
416.828003 501.842407
368.140961 349.160217
351.598358 258.800171
340.931915 387.606293
365.745758 486.425812
413.667267 411.983124
444.907593 364.634277
315.037842 431.944489
344.820770 140.586823
307.821594 322.734772
267.788055 85.958801
226.538757 154.055069
399.668304 405.469788
416.438416 317.985229
372.707001 371.858704
191.297470 221.569733
276.817963 330.567017
303.348083 345.137543
259.312103 409.429901
324.949158 353.134766
263.566193 132.947784
235.222549 323.900177
284.850403 368.417969
351.685577 336.477844
122.779900 126.515579
160.726379 127.089951
391.511139 482.366913
221.817078 324.432251
230.294525 139.369934
445.338196 208.761597
315.763977 221.468079
290.523041 310.898132
165.049316 108.259781
436.678680 219.400345
320.744781 388.952240
125.554596 102.023117
209.263977 318.721893
259.033264 332.301147
386.159607 301.633484
363.368439 181.816467
263.302490 377.621979
276.077271 356.791351
460.929657 518.245239
245.610764 310.329102
264.184631 442.015991
266.906464 360.087128
333.443115 265.985962
266.612579 381.955627
365.008545 385.489349
378.769501 501.072205
404.968842 408.851562
240.333099 187.144135
283.794495 455.492981
447.439972 377.536224
286.313049 248.797195
100.127007 88.578995
290.888611 294.911163
339.185638 494.567139
365.156982 229.168365
211.754639 377.604736
315.957489 241.725128
344.428070 223.454803
325.269440 414.027527
357.402618 289.079865
285.067169 142.996948
159.703384 157.160355
121.171097 82.569481
327.286987 129.220947
206.185547 235.492386
177.873337 148.480865
337.641663 118.045349
295.798950 207.486877
363.344025 285.702545
202.751282 278.523224
295.454346 470.501190
360.483307 325.090546
336.449280 436.914307
297.839752 406.900574
160.822144 169.137100
328.357483 297.660492
241.058563 431.164246
184.225494 174.402939
256.676300 291.734741
216.920044 237.482300
462.009399 374.271088
120.539070 155.531128
261.646332 313.232208
258.788971 378.182861
118.644951 124.753677
426.357422 383.015686
418.819519 324.176086
291.896393 321.481232
229.826614 412.848663
299.172516 489.919128
346.858154 375.181885
231.461548 105.205383
383.724731 290.652832
294.502045 399.652985
303.885071 221.971756
131.954559 165.757217
142.141495 142.324417
273.660370 319.202271
147.603745 188.534088
321.441833 125.056656
289.487976 168.500519
397.254486 490.217926
67.809967 115.222992
191.539154 149.475616
234.455124 223.554962
194.310974 262.914886
196.472244 122.837227
468.281433 416.757141
149.455246 193.237274
252.718262 243.731186
468.973938 303.478149
338.775726 476.477966
374.795135 234.353455
212.964493 232.139832
329.814545 235.457535
207.436035 109.500107
226.736389 317.893890
434.006378 331.906891
329.102814 459.214264
255.563034 428.265198
292.524292 445.300171
304.583923 387.671295
173.256561 180.577255
275.254608 341.564758
175.396561 122.805290
208.672028 221.972107
356.287354 423.779999
316.363617 333.285339
174.739365 210.621216
462.606903 405.980286
240.945648 113.227898
288.850067 68.666962
296.159973 174.251846
163.295959 235.305252
140.573364 225.300049
382.782166 430.554962
311.035797 304.179138
208.445099 249.231384
476.141968 446.354248
230.225784 251.178543
225.685593 208.022430
212.658447 318.296600
280.316589 247.597321
140.970566 108.929688
132.929077 99.883865
206.607544 76.613373
253.681107 365.961334
208.326859 144.248520
149.218033 165.488785
119.714523 52.555061
271.699005 313.524048
513.643799 515.379883
338.085693 332.575470
352.844788 402.075104
193.252197 68.478394
127.091072 116.305099
213.507797 208.105118
500.440979 425.212189
281.250244 401.978790
257.227234 177.371262
336.967621 173.304138
342.616760 130.620163
308.866150 430.754517
316.152588 405.164917
289.057495 380.097778
440.269623 454.085541
284.085175 305.500549
185.032852 189.965912
174.189453 232.031448
197.150436 290.424103
263.078552 143.782944
210.392700 339.660309
397.162170 482.722809
373.657867 487.135681
557.894958 474.402954
430.535370 308.269073
253.135788 126.314369
323.514069 418.332397
141.634857 151.248871
241.498077 263.789185
240.176895 163.061249
213.148254 282.136383
384.470673 351.179138
417.536041 489.770721
345.414795 342.874329
270.088531 412.176208
245.070953 338.617340
120.916344 206.739990
224.798965 109.221115
202.480988 200.642639
230.466156 92.477104
372.014221 465.509918
115.345932 122.179245
288.639130 92.088470
211.456436 86.406052
305.717560 131.007187
236.093414 267.066711
281.261353 404.108551
287.123108 304.722900
293.369446 159.252792
287.756165 302.320343
404.580200 449.803558
458.417938 450.547913
319.608856 442.887665
86.978340 83.570030
292.940674 334.226746
303.625122 457.495728
136.588531 117.450073
182.780151 170.972626
228.207809 71.120544
384.078522 448.750793
204.157333 246.121521
216.496155 248.517426
237.727829 334.575958
277.188019 332.402496
263.318787 288.667114
190.629486 266.636810
213.876175 247.544830
363.081787 216.268311
276.121735 219.160385
95.068176 84.531136
288.551117 416.769287
77.722458 87.828003
433.191956 250.721741
265.916168 171.464691
296.450378 296.397522
340.106995 250.675369
511.097504 448.774597
197.748657 263.928833
283.888916 228.958969
201.288849 209.635895
231.205414 79.765823
195.606537 62.674416
364.498566 301.735962
337.187836 157.851730
480.026215 452.252228
238.761658 273.860168
519.572266 356.041107
258.137665 341.676941
181.650284 270.976593
289.068329 318.091370
243.199188 341.814056
170.640488 231.018677
355.757568 382.036316
163.636215 43.100628
271.694977 323.792267
231.009583 174.208679
424.878235 334.498779
189.408203 212.842773
238.485184 368.245178
187.352631 115.483391
276.185852 462.933868
259.837677 443.568146
222.735031 88.452286
243.118164 216.443085
447.051483 459.272522
387.369751 309.944153
215.940811 251.640579
205.410934 195.982254
429.771759 509.279755
310.443787 363.927185
197.572769 314.897736
315.894562 336.280273
348.678986 311.359528
288.530396 278.757233
148.672195 89.924477
363.266815 418.725037
494.450287 424.811523
264.639191 339.340057
318.495636 295.984558
221.552780 365.255127
321.070892 195.263947
433.401215 486.145264
364.611237 489.645325
298.404816 379.551483
364.266479 413.786438
148.641586 96.699974
415.313477 349.749176
271.631500 171.790451
211.897232 180.017120
221.503845 352.380585
314.881104 371.650208
118.175232 105.306511
354.776489 265.364197
290.271484 348.702698
453.720978 346.746033
239.862244 355.495544
141.306610 70.806290
415.752167 457.603729
394.030823 297.495148
439.555939 417.051819
412.657959 276.959839
440.881134 478.561249
387.523834 305.538818
332.502380 293.041412
293.191925 166.342453
140.356476 119.677910
369.532074 126.570045
283.187225 114.637123
239.973755 111.928604
309.775635 345.944489
63.032242 76.590256
305.152588 326.588593
385.783081 238.941788
348.677246 385.888214
246.627029 333.443481
251.717621 261.075531
343.852844 431.511139
348.765900 418.216553
262.457733 341.933411
255.491882 188.266754
449.367981 384.766571
210.668411 323.518280
284.234650 247.669327
245.662735 347.620483
208.010529 114.212784
271.644592 212.199249
410.242767 509.676605
234.192154 232.028320
284.182861 437.365082
242.787308 149.389038
374.880310 399.771027
447.296417 504.392120
337.228027 370.235504
281.098480 432.997742
385.837067 242.649384
477.086090 471.237762
163.201401 199.840424
254.228516 221.181625
440.104706 225.155121
137.912292 63.344631
321.348572 322.515686
429.004822 305.468018
256.151794 260.549988
65.712990 86.606918
270.485260 372.618591
